-0.0900000036 0.9956077184 0.0005000000
-0.0895370406 1.0014605764 0.0005000000
-0.0890740777 1.0015924817 0.0005000000
-0.0886111147 0.9990189220 0.0005000000
-0.0881481517 0.9973113048 0.0005000000
-0.0876851888 0.9988977630 0.0005000000
-0.0872222258 1.0006060431 0.0005000000
-0.0867592628 0.9990656921 0.0005000000
-0.0862962999 1.0040308386 0.0005000000
-0.0858333369 1.0011390672 0.0005000000
-0.0853703739 0.9997387442 0.0005000000
-0.0849074110 1.0000413293 0.0005000000
-0.0844444480 1.0001940356 0.0005000000
-0.0839814851 0.9999290916 0.0005000000
-0.0835185221 0.9997493869 0.0005000000
-0.0830555591 1.0001551614 0.0005000000
-0.0825925962 1.0003764262 0.0005000000
-0.0821296332 1.0008520338 0.0005000000
-0.0816666702 1.0003518189 0.0005000000
-0.0812037073 1.0009461438 0.0005000000
-0.0807407443 0.9998911712 0.0005000000
-0.0802777814 0.9997378915 0.0005000000
-0.0798148184 1.0006552917 0.0005000000
-0.0793518554 1.0004479964 0.0005000000
-0.0788888925 0.9999256388 0.0005000000
-0.0784259295 1.0000003379 0.0005000000
-0.0779629665 1.0003576701 0.0005000000
-0.0775000036 0.9990508078 0.0005000000
-0.0770370406 0.9998438157 0.0005000000
-0.0765740777 0.9993451463 0.0005000000
-0.0761111147 0.9996608214 0.0005000000
-0.0756481517 0.9993083031 0.0005000000
-0.0751851888 1.0000801352 0.0005000000
-0.0747222258 0.9999243418 0.0005000000
-0.0742592628 1.0004874597 0.0005000000
-0.0737962999 1.0007641281 0.0005000000
-0.0733333369 0.9997450685 0.0005000000
-0.0728703739 0.9993239869 0.0005000000
-0.0724074110 0.9991332156 0.0005000000
-0.0719444480 0.9998406633 0.0005000000
-0.0714814851 0.9988852695 0.0005000000
-0.0710185221 0.9996746361 0.0005000000
-0.0705555591 0.9977703511 0.0005000000
-0.0700925962 0.9990943727 0.0005000000
-0.0696296332 0.9993770206 0.0005000000
-0.0691666702 0.9998209339 0.0005000000
-0.0687037073 0.9991699472 0.0005000000
-0.0682407443 0.9990547658 0.0005000000
-0.0677777814 0.9991025645 0.0005000000
-0.0673148184 0.9999778277 0.0005000000
-0.0668518554 0.9986145260 0.0005000000
-0.0663888925 1.0006652767 0.0005000000
-0.0659259295 0.9990928588 0.0005000000
-0.0654629665 0.9994477296 0.0005000000
-0.0650000036 0.9998444842 0.0005000000
-0.0645370406 0.9991606722 0.0005000000
-0.0640740777 1.0005593082 0.0005000000
-0.0636111147 0.9997275283 0.0005000000
-0.0631481517 0.9987288371 0.0005000000
-0.0626851888 0.9999283769 0.0005000000
-0.0622222258 0.9997258176 0.0005000000
-0.0617592628 0.9993974896 0.0005000000
-0.0612962999 0.9995304946 0.0005000000
-0.0608333369 0.9993459738 0.0005000000
-0.0603703739 0.9999270644 0.0005000000
-0.0599074110 1.0002042991 0.0005000000
-0.0594444480 1.0002443944 0.0005000000
-0.0589814851 0.9992193588 0.0005000000
-0.0585185221 0.9997191013 0.0005000000
-0.0580555591 0.9995309149 0.0005000000
-0.0575925962 0.9988885287 0.0005000000
-0.0571296332 0.9995030040 0.0005000000
-0.0566666702 0.9999582112 0.0005000000
-0.0562037073 1.0001485456 0.0005000000
-0.0557407443 0.9992802244 0.0005000000
-0.0552777814 0.9998987700 0.0005000000
-0.0548148184 0.9992728735 0.0005000000
-0.0543518554 1.0002077316 0.0005000000
-0.0538888925 1.0013004462 0.0005000000
-0.0534259295 0.9996439997 0.0005000000
-0.0529629665 0.9999995588 0.0005000000
-0.0525000036 0.9992056557 0.0005000000
-0.0520370406 0.9994047627 0.0005000000
-0.0515740777 1.0000646117 0.0005000000
-0.0511111147 0.9996536896 0.0005000000
-0.0506481517 1.0003277170 0.0005000000
-0.0501851888 0.9996962815 0.0005000000
-0.0497222258 0.9998934238 0.0005000000
-0.0492592628 0.9997699621 0.0005000000
-0.0487962999 0.9997712553 0.0005000000
-0.0483333369 1.0000926995 0.0005000000
-0.0478703739 1.0003686693 0.0005000000
-0.0474074110 1.0000014279 0.0005000000
-0.0469444480 0.9998046860 0.0005000000
-0.0464814851 1.0008475429 0.0005000000
-0.0460185221 0.9994194192 0.0005000000
-0.0455555591 0.9994756458 0.0005000000
-0.0450925962 0.9989941801 0.0005000000
-0.0446296332 0.9983933670 0.0005000000
-0.0441666702 0.9965787149 0.0005000000
-0.0437037073 0.9964690866 0.0005000000
-0.0432407443 0.9970222530 0.0005000000
-0.0427777814 0.9969082423 0.0005000000
-0.0423148184 0.9954401650 0.0005000000
-0.0418518554 0.9947906415 0.0005000000
-0.0413888925 0.9935719127 0.0005000000
-0.0409259295 0.9929373001 0.0005000000
-0.0404629665 0.9922860240 0.0005000000
-0.0400000036 0.9916366013 0.0005000000
-0.0395370406 0.9904643022 0.0005000000
-0.0390740777 0.9897515251 0.0005000000
-0.0386111147 0.9881816429 0.0005000000
-0.0381481517 0.9879592709 0.0005000000
-0.0376851888 0.9866027670 0.0005000000
-0.0372222258 0.9854689752 0.0005000000
-0.0367592628 0.9839460629 0.0005000000
-0.0362962999 0.9836518320 0.0005000000
-0.0358333369 0.9815484535 0.0005000000
-0.0353703739 0.9811081416 0.0005000000
-0.0349074110 0.9807915860 0.0005000000
-0.0344444480 0.9793055514 0.0005000000
-0.0339814851 0.9794309201 0.0005000000
-0.0335185221 0.9786962598 0.0005000000
-0.0330555591 0.9775727013 0.0005000000
-0.0325925962 0.9775093292 0.0005000000
-0.0321296332 0.9761526701 0.0005000000
-0.0316666702 0.9764264969 0.0005000000
-0.0312037073 0.9754892420 0.0005000000
-0.0307407443 0.9761634103 0.0005000000
-0.0302777814 0.9740300970 0.0005000000
-0.0298148184 0.9740349880 0.0005000000
-0.0293518554 0.9745349612 0.0005000000
-0.0288888925 0.9742450823 0.0005000000
-0.0284259295 0.9745851374 0.0005000000
-0.0279629665 0.9745586599 0.0005000000
-0.0275000036 0.9730306832 0.0005000000
-0.0270370406 0.9733539661 0.0005000000
-0.0265740777 0.9738843869 0.0005000000
-0.0261111147 0.9724057390 0.0005000000
-0.0256481517 0.9731765323 0.0005000000
-0.0251851888 0.9725874953 0.0005000000
-0.0247222258 0.9728392412 0.0005000000
-0.0242592628 0.9720308631 0.0005000000
-0.0237962999 0.9731874047 0.0005000000
-0.0233333369 0.9727114329 0.0005000000
-0.0228703739 0.9729936596 0.0005000000
-0.0224074110 0.9733260165 0.0005000000
-0.0219444480 0.9722600367 0.0005000000
-0.0214814851 0.9721855999 0.0005000000
-0.0210185221 0.9724298926 0.0005000000
-0.0205555591 0.9721314259 0.0005000000
-0.0200925962 0.9726633286 0.0005000000
-0.0196296332 0.9718335737 0.0005000000
-0.0191666702 0.9727176915 0.0005000000
-0.0187037073 0.9715541305 0.0005000000
-0.0182407443 0.9727838310 0.0005000000
-0.0177777814 0.9719236620 0.0005000000
-0.0173148184 0.9717323111 0.0005000000
-0.0168518554 0.9723223074 0.0005000000
-0.0163888925 0.9726532696 0.0005000000
-0.0159259295 0.9723400933 0.0005000000
-0.0154629665 0.9730218620 0.0005000000
-0.0150000036 0.9721419519 0.0005000000
-0.0145370406 0.9713721352 0.0005000000
-0.0140740777 0.9710616287 0.0005000000
-0.0136111147 0.9712798845 0.0005000000
-0.0131481517 0.9706499912 0.0005000000
-0.0126851888 0.9709346487 0.0005000000
-0.0122222258 0.9714155865 0.0005000000
-0.0117592628 0.9703539495 0.0005000000
-0.0112962999 0.9707416031 0.0005000000
-0.0108333369 0.9711724790 0.0005000000
-0.0103703739 0.9713247843 0.0005000000
-0.0099074110 0.9704724453 0.0005000000
-0.0094444480 0.9705028121 0.0005000000
-0.0089814851 0.9703194182 0.0005000000
-0.0085185221 0.9692387872 0.0005000000
-0.0080555591 0.9710808265 0.0005000000
-0.0075925962 0.9698358283 0.0005000000
-0.0071296332 0.9708568868 0.0005000000
-0.0066666702 0.9688704978 0.0005000000
-0.0062037073 0.9699941902 0.0005000000
-0.0057407443 0.9698681786 0.0005000000
-0.0052777814 0.9703619584 0.0005000000
-0.0048148184 0.9703480012 0.0005000000
-0.0043518554 0.9701104314 0.0005000000
-0.0038888925 0.9699808867 0.0005000000
-0.0034259295 0.9709934834 0.0005000000
-0.0029629665 0.9710841404 0.0005000000
-0.0025000036 0.9707355840 0.0005000000
-0.0020370406 0.9714541368 0.0005000000
-0.0015740777 0.9695732191 0.0005000000
-0.0011111147 0.9710792286 0.0005000000
-0.0006481517 0.9703742055 0.0005000000
-0.0001851888 0.9708915943 0.0005000000
0.0002777742 0.9704740592 0.0005000000
0.0007407372 0.9701706283 0.0005000000
0.0012037001 0.9700285182 0.0005000000
0.0016666631 0.9709968682 0.0005000000
0.0021296261 0.9700428312 0.0005000000
0.0025925890 0.9711917341 0.0005000000
0.0030555520 0.9705872026 0.0005000000
0.0035185149 0.9710531829 0.0005000000
0.0039814779 0.9696015112 0.0005000000
0.0044444409 0.9701002169 0.0005000000
0.0049074038 0.9701030129 0.0005000000
0.0053703668 0.9696028915 0.0005000000
0.0058333298 0.9698804789 0.0005000000
0.0062962927 0.9697317341 0.0005000000
0.0067592557 0.9689657770 0.0005000000
0.0072222186 0.9700815661 0.0005000000
0.0076851816 0.9702742457 0.0005000000
0.0081481446 0.9703357460 0.0005000000
0.0086111075 0.9702894321 0.0005000000
0.0090740705 0.9700725585 0.0005000000
0.0095370335 0.9708693050 0.0005000000
0.0099999964 0.9702178911 0.0005000000
0.0104629594 0.9711110234 0.0005000000
0.0109259223 0.9709525020 0.0005000000
0.0113888853 0.9709775962 0.0005000000
0.0118518483 0.9710049271 0.0005000000
0.0123148112 0.9701475045 0.0005000000
0.0127777742 0.9701304538 0.0005000000
0.0132407372 0.9704170309 0.0005000000
0.0137037001 0.9699918959 0.0005000000
0.0141666631 0.9702760677 0.0005000000
0.0146296261 0.9715819018 0.0005000000
0.0150925890 0.9711254629 0.0005000000
0.0155555520 0.9709514360 0.0005000000
0.0160185149 0.9712686924 0.0005000000
0.0164814779 0.9702446520 0.0005000000
0.0169444409 0.9703063317 0.0005000000
0.0174074038 0.9703230879 0.0005000000
0.0178703668 0.9711153899 0.0005000000
0.0183333298 0.9710388576 0.0005000000
0.0187962927 0.9719630328 0.0005000000
0.0192592557 0.9710645016 0.0005000000
0.0197222186 0.9717134837 0.0005000000
0.0201851816 0.9713410193 0.0005000000
0.0206481446 0.9712055974 0.0005000000
0.0211111075 0.9719191182 0.0005000000
0.0215740705 0.9729179603 0.0005000000
0.0220370335 0.9720971286 0.0005000000
0.0224999964 0.9725074549 0.0005000000
0.0229629594 0.9722693641 0.0005000000
0.0234259223 0.9727852459 0.0005000000
0.0238888853 0.9733998442 0.0005000000
0.0243518483 0.9739493320 0.0005000000
0.0248148112 0.9734558072 0.0005000000
0.0252777742 0.9732235139 0.0005000000
0.0257407372 0.9739276858 0.0005000000
0.0262037001 0.9737900575 0.0005000000
0.0266666631 0.9739707871 0.0005000000
0.0271296261 0.9750475540 0.0005000000
0.0275925890 0.9742559892 0.0005000000
0.0280555520 0.9740637779 0.0005000000
0.0285185149 0.9754208800 0.0005000000
0.0289814779 0.9752879699 0.0005000000
0.0294444409 0.9761804067 0.0005000000
0.0299074038 0.9764224185 0.0005000000
0.0303703668 0.9758145592 0.0005000000
0.0308333298 0.9762164702 0.0005000000
0.0312962927 0.9763787371 0.0005000000
0.0317592557 0.9768413718 0.0005000000
0.0322222186 0.9763256833 0.0005000000
0.0326851816 0.9776683794 0.0005000000
0.0331481446 0.9782594502 0.0005000000
0.0336111075 0.9790177021 0.0005000000
0.0340740705 0.9788999884 0.0005000000
0.0345370335 0.9800665159 0.0005000000
0.0349999964 0.9805078908 0.0005000000
0.0354629594 0.9824914698 0.0005000000
0.0359259223 0.9836071671 0.0005000000
0.0363888853 0.9840582872 0.0005000000
0.0368518483 0.9844451892 0.0005000000
0.0373148112 0.9852859385 0.0005000000
0.0377777742 0.9863115120 0.0005000000
0.0382407372 0.9871704380 0.0005000000
0.0387037001 0.9884294381 0.0005000000
0.0391666631 0.9894868145 0.0005000000
0.0396296261 0.9918134849 0.0005000000
0.0400925890 0.9916902295 0.0005000000
0.0405555520 0.9923638363 0.0005000000
0.0410185149 0.9942436083 0.0005000000
0.0414814779 0.9945139249 0.0005000000
0.0419444409 0.9952242825 0.0005000000
0.0424074038 0.9966210485 0.0005000000
0.0428703668 0.9960440867 0.0005000000
0.0433333298 0.9971456967 0.0005000000
0.0437962927 0.9976160933 0.0005000000
0.0442592557 0.9990633280 0.0005000000
0.0447222186 0.9988261118 0.0005000000
0.0451851816 0.9999818918 0.0005000000
0.0456481446 0.9999992546 0.0005000000
0.0461111075 1.0010626133 0.0005000000
0.0465740705 0.9999966471 0.0005000000
0.0470370335 1.0004251587 0.0005000000
0.0474999964 1.0002913097 0.0005000000
0.0479629594 1.0008410731 0.0005000000
0.0484259223 0.9997225906 0.0005000000
0.0488888853 0.9998099364 0.0005000000
0.0493518483 1.0002196269 0.0005000000
0.0498148112 1.0005822616 0.0005000000
0.0502777742 1.0006927147 0.0005000000
0.0507407372 1.0002648187 0.0005000000
0.0512037001 0.9993757584 0.0005000000
0.0516666631 0.9992696879 0.0005000000
0.0521296261 1.0001570312 0.0005000000
0.0525925890 1.0001763579 0.0005000000
0.0530555520 0.9993951719 0.0005000000
0.0535185149 1.0002558867 0.0005000000
0.0539814779 1.0001791499 0.0005000000
0.0544444409 0.9998636630 0.0005000000
0.0549074038 0.9991284625 0.0005000000
0.0553703668 0.9993830046 0.0005000000
0.0558333298 1.0006110457 0.0005000000
0.0562962927 0.9986560150 0.0005000000
0.0567592557 0.9979228578 0.0005000000
0.0572222186 0.9993051172 0.0005000000
0.0576851816 0.9997678554 0.0005000000
0.0581481446 0.9997417214 0.0005000000
0.0586111075 0.9996400210 0.0005000000
0.0590740705 0.9994278043 0.0005000000
0.0595370335 0.9996877189 0.0005000000
0.0599999964 1.0001349984 0.0005000000
0.0604629594 0.9999139529 0.0005000000
0.0609259223 0.9994257331 0.0005000000
0.0613888853 1.0003774625 0.0005000000
0.0618518483 0.9997280474 0.0005000000
0.0623148112 1.0007128115 0.0005000000
0.0627777742 1.0006227674 0.0005000000
0.0632407372 0.9999302391 0.0005000000
0.0637037001 1.0006486771 0.0005000000
0.0641666631 0.9991070387 0.0005000000
0.0646296261 0.9991952375 0.0005000000
0.0650925890 0.9996030113 0.0005000000
0.0655555520 0.9996970233 0.0005000000
0.0660185149 1.0001320619 0.0005000000
0.0664814779 1.0001131264 0.0005000000
0.0669444409 0.9993689538 0.0005000000
0.0674074038 0.9999049073 0.0005000000
0.0678703668 0.9995381297 0.0005000000
0.0683333298 0.9983915512 0.0005000000
0.0687962927 1.0001328090 0.0005000000
0.0692592557 0.9997664228 0.0005000000
0.0697222186 0.9997015706 0.0005000000
0.0701851816 0.9996585297 0.0005000000
0.0706481446 0.9994586869 0.0005000000
0.0711111075 0.9987787377 0.0005000000
0.0715740705 0.9992025575 0.0005000000
0.0720370335 0.9990596566 0.0005000000
0.0724999964 0.9999532854 0.0005000000
0.0729629594 0.9989890027 0.0005000000
0.0734259223 0.9994584706 0.0005000000
0.0738888853 0.9993309536 0.0005000000
0.0743518483 0.9994682338 0.0005000000
0.0748148112 0.9988953187 0.0005000000
0.0752777742 1.0001202861 0.0005000000
0.0757407372 0.9994501061 0.0005000000
0.0762037001 0.9996616873 0.0005000000
0.0766666631 1.0010446962 0.0005000000
0.0771296261 1.0000785355 0.0005000000
0.0775925890 1.0003400463 0.0005000000
0.0780555520 1.0003184185 0.0005000000
0.0785185149 1.0004995350 0.0005000000
0.0789814779 1.0002419907 0.0005000000
0.0794444409 1.0003208303 0.0005000000
0.0799074038 0.9999251708 0.0005000000
0.0803703668 0.9996122741 0.0005000000
0.0808333298 0.9997879726 0.0005000000
0.0812962927 0.9993471129 0.0005000000
0.0817592557 1.0003340688 0.0005000000
0.0822222186 1.0000396229 0.0005000000
0.0826851816 1.0014787202 0.0005000000
0.0831481446 1.0003946457 0.0005000000
0.0836111075 1.0006924802 0.0005000000
0.0840740705 0.9998592530 0.0005000000
0.0845370335 0.9997553533 0.0005000000
0.0849999964 1.0007040550 0.0005000000
0.0854629594 1.0021363806 0.0005000000
0.0859259223 1.0022524679 0.0005000000
0.0863888853 1.0017959860 0.0005000000
0.0868518483 1.0012321190 0.0005000000
0.0873148112 0.9993761292 0.0005000000
0.0877777742 0.9987595082 0.0005000000
0.0882407372 0.9987167799 0.0005000000
0.0887037001 1.0030512388 0.0005000000
0.0891666631 1.0015082961 0.0005000000
